8.475e+003    0.001613
8.475e+003    0.002683
8.475e+003    0.004696
8.547e+003    0.00174
8.547e+003    0.00153
8.621e+003    0.001699
8.621e+003    0.001637
8.621e+003    0.001761
8.696e+003    0.001827
8.696e+003    0.001897
8.696e+003    0.001823
8.772e+003    0.001856
8.772e+003    0.00174
8.85e+003    0.002263
8.85e+003    0.002284
8.85e+003    0.002136
8.929e+003    0.002704
8.929e+003    0.002601
9.009e+003    0.002881
9.009e+003    0.002757
9.009e+003    0.002592
9.091e+003    0.003395
9.091e+003    0.003272
9.091e+003    0.002996
9.174e+003    0.004037
9.174e+003    0.003605
9.259e+003    0.004408
9.259e+003    0.004037
9.259e+003    0.004078
9.346e+003    0.004696
9.346e+003    0.004614
9.434e+003    0.005972
9.434e+003    0.005601
9.434e+003    0.004984
9.524e+003    0.006877
9.524e+003    0.006095
9.524e+003    0.005807
9.615e+003    0.008071
9.615e+003    0.007413
9.709e+003    0.01058
9.709e+003    0.009718
9.709e+003    0.008894
9.804e+003    0.01392
9.804e+003    0.01198
9.901e+003    0.02532
9.901e+003    0.02095
9.901e+003    0.01704
10.0e+003    0.0312
10.01e+003    0.03915
10.05e+003    0.04956
10.09e+003    0.06273
10.13e+003    0.08085
10.16e+003    0.1072
10.2e+003    0.1418
10.25e+003    0.1912
10.29e+003    0.2587
10.33e+003    0.343
10.37e+003    0.4484
10.42e+003    0.576
10.45e+003    0.7119
10.49e+003    0.8271
10.54e+003    0.9177
10.58e+003    0.9712
10.63e+003    0.9959
10.67e+003    1
10.72e+003    0.9877
10.75e+003    0.963
10.8e+003    0.9341
10.85e+003    0.9094
10.89e+003    0.9012
10.94e+003    0.9218
10.99e+003    0.9547
11.04e+003    0.9835
11.07e+003    0.9835
11.12e+003    0.9424
11.17e+003    0.86
11.22e+003    0.7448
11.27e+003    0.609
11.33e+003    0.4772
11.38e+003    0.3636
11.42e+003    0.2751
11.47e+003    0.2089
11.52e+003    0.1607
11.57e+003    0.1261
11.63e+003    0.1035
11.68e+003    0.08949
11.74e+003    0.08043
11.78e+003    0.07261
11.83e+003    0.06726
11.89e+003    0.0615
11.95e+003    0.05244
12.0e+003    0.04339
12.06e+003    0.03783
12.12e+003    0.03598
12.17e+003    0.03561
12.22e+003    0.03507
12.29e+003    0.03351
12.35e+003    0.03186
12.41e+003    0.02939
12.47e+003    0.02664
12.53e+003    0.02322
12.58e+003    0.02054
12.64e+003    0.01972
12.71e+003    0.01935
12.77e+003    0.0177
12.84e+003    0.01577
12.9e+003    0.01433
12.97e+003    0.01318
13.02e+003    0.01149
13.09e+003    0.009635
13.16e+003    0.008071
13.23e+003    0.006836
13.3e+003    0.006054
13.37e+003    0.005478
13.44e+003    0.005149
13.5e+003    0.005066
13.57e+003    0.004696
13.64e+003    0.003996
13.72e+003    0.003292
13.79e+003    0.002551
13.87e+003    0.002074
13.95e+003    0.002144
14.01e+003    0.006054
14.08e+003    0.007865
14.16e+003    0.002724
14.25e+003    0.0008759
14.33e+003    0.0003779
14.41e+003    0.0006084
14.49e+003    0.0006537
14.56e+003    0.0008101
14.64e+003    6.67E-05
14.73e+003    0
14.81e+003    0.0001762